0,399
0,398
0,397
0,396
0,395
0,394
73,3
73,2
73,1
73,0
72,3
72,2
72,1
72,0
71,3
71,2
71,1
71,0
14,5
14,4
14,2
14,0
70,5
70,4
70,3
70,2
70,1
70,0
69,4
69,3
69,2
69,1
69,0
68,3
68,2
68,1
68,0
0,393
0,392
0,391
0,390
0,389
0,388
0,387
0,386
0,385
0,384
0,383
0,382
0,381
0,380
67,4
67,3
67,2
67,1
67,0
0,379
0,378
0,377
0,376
0,375
0,374
66,4
66,3
66,2
0,373
66,1
66,0
0,372
0,371
0,278
0,370
0,369
0,368
0,367
0,366
65,4
65,3
65,2
0,365
65,1
65,0
0,364
0,363
0,362
0,361
0,360
0,359
0,358
0,357
0,356
0,355
0,354
29,1
29,3
0,353
0,352
0,351
0,350
0,349
0,348
0,347
0,346
0,345
0,344
0,343
0,342
0,341
0,340
0,339
0,338
0,337
0,336
